{
  "device": {
    "omega_levels": [ 0.0,          0.38854778,  3.90223828 , 6.11015607 , 9.18289193 , 12.2289655,
 15.28019802 , 18.13555164 , 20.6373502  , 22.70711498 , 24.55386541 , 26.49697931, 
 28.62129318 , 30.86140648 , 33.18640806 , 35.59025595 , 38.06348952 , 40.59499616,
 43.17494045 ,45.79374894],
    "n_matrix": [[1.91172162e-31, 1.58083819e-01, 2.23970222e-15, 4.74018575e-01,
        2.73469774e-16, 9.16785702e-02, 2.90566032e-17, 9.83185078e-02,
        1.44855939e-16, 6.17923492e-02, 4.26588476e-16, 2.57990447e-02,
        1.35111763e-17, 2.67847660e-03, 9.88637854e-17, 6.68223280e-03,
        1.22526153e-16, 3.11175444e-03, 2.00023003e-16, 2.97648939e-03],
       [1.58083819e-01, 4.16991160e-33, 4.58182431e-01, 3.04901650e-16,
        3.84700017e-01, 2.95789271e-16, 5.05716000e-02, 6.64097589e-16,
        9.98971814e-02, 6.14538710e-16, 2.87353372e-02, 4.63563057e-16,
        2.51994542e-03, 1.14521085e-15, 1.59318981e-02, 6.25729930e-16,
        7.37738379e-03, 5.48500379e-16, 5.92183031e-03, 3.16062161e-16],
       [2.23970222e-15, 4.58182431e-01, 4.19909342e-32, 7.76727626e-01,
        4.17856031e-16, 8.62787723e-02, 3.12388793e-16, 2.55045309e-01,
        2.15336043e-16, 1.21760253e-01, 9.83361920e-16, 3.67701793e-02,
        4.21955940e-16, 8.58777031e-03, 1.60981008e-16, 2.60808311e-02,
        1.93047169e-16, 6.20099229e-03, 4.14285723e-16, 7.61270585e-03],
       [4.74018575e-01, 3.04901650e-16, 7.76727626e-01, 4.23032038e-33,
        5.50207210e-01, 2.15213794e-16, 1.73834226e-01, 1.86435296e-16,
        3.70908098e-01, 9.73306511e-16, 5.72281662e-02, 1.40743874e-15,
        1.59712531e-02, 7.40291860e-16, 4.40956176e-02, 4.72969487e-16,
        2.20278266e-02, 1.68343789e-15, 1.93764023e-02, 8.44956332e-16],
       [2.73469774e-16, 3.84700017e-01, 4.17856031e-16, 5.50207210e-01,
        5.53279651e-32, 8.50159497e-01, 2.74393792e-15, 3.78192938e-02,
        2.34460717e-16, 1.81484945e-01, 1.51135385e-15, 1.60976534e-01,
        5.97410185e-16, 6.50212243e-02, 8.19862027e-16, 6.68364060e-03,
        5.07402112e-16, 2.32475946e-03, 3.27338545e-16, 1.41145867e-02],
       [9.16785702e-02, 2.95789271e-16, 8.62787723e-02, 2.15213794e-16,
        8.50159497e-01, 4.56642795e-32, 6.54691622e-01, 1.10358024e-15,
        1.97824005e-01, 3.00432658e-16, 6.46785053e-02, 7.80757165e-16,
        1.25069554e-01, 1.82338194e-15, 9.25431378e-02, 1.37953723e-16,
        2.56890635e-02, 7.94452688e-16, 2.13289396e-02, 8.27243946e-16],
       [2.90566032e-17, 5.05716000e-02, 3.12388793e-16, 1.73834226e-01,
        2.74393792e-15, 6.54691622e-01, 6.66097631e-31, 9.10874991e-01,
        5.19037388e-16, 1.95040828e-01, 1.73366631e-16, 1.12546568e-01,
        1.83700324e-15, 9.05138421e-02, 1.02256671e-15, 1.67879563e-01,
        6.92106766e-16, 3.89572534e-02, 2.58563809e-16, 2.49975202e-03],
       [9.83185078e-02, 6.64097589e-16, 2.55045309e-01, 1.86435296e-16,
        3.78192938e-02, 1.10358024e-15, 9.10874991e-01, 1.76602078e-32,
        9.74047258e-01, 6.18573987e-16, 3.23518894e-01, 5.02441160e-16,
        1.00368718e-01, 9.85253738e-16, 3.62764352e-01, 5.32532233e-16,
        9.85751318e-02, 4.88189417e-16, 9.57172618e-02, 2.42799612e-17],
       [1.44855939e-16, 9.98971814e-02, 2.15336043e-16, 3.70908098e-01,
        2.34460717e-16, 1.97824005e-01, 5.19037388e-16, 9.74047258e-01,
        1.05219563e-30, 1.46702643e+00, 5.48621671e-15, 1.95779438e-02,
        1.65463476e-15, 2.13837481e-01, 1.53958663e-15, 2.98003063e-01,
        2.26960861e-15, 3.07568601e-02, 1.68154493e-15, 1.11048685e-01],
       [6.17923492e-02, 6.14538710e-16, 1.21760253e-01, 9.73306511e-16,
        1.81484945e-01, 3.00432658e-16, 1.95040828e-01, 6.18573987e-16,
        1.46702643e+00, 4.08224503e-31, 1.02401305e+00, 8.26740940e-15,
        8.60762916e-02, 2.27455917e-15, 8.97722250e-02, 2.14465801e-15,
        3.01888543e-02, 1.07758149e-15, 1.48593306e-01, 5.87296770e-16],
       [4.26588476e-16, 2.87353372e-02, 9.83361920e-16, 5.72281662e-02,
        1.51135385e-15, 6.46785053e-02, 1.73366631e-16, 3.23518894e-01,
        5.48621671e-15, 1.02401305e+00, 1.55324571e-30, 1.11482906e+00,
        1.24495455e-14, 3.90129373e-02, 2.97940482e-16, 2.75864653e-01,
        1.68165612e-15, 8.26030510e-02, 7.72291165e-16, 7.77421884e-02],
       [2.57990447e-02, 4.63563057e-16, 3.67701793e-02, 1.40743874e-15,
        1.60976534e-01, 7.80757165e-16, 1.12546568e-01, 5.02441160e-16,
        1.95779438e-02, 8.26740940e-15, 1.11482906e+00, 9.97225886e-32,
        1.18740779e+00, 4.05157354e-15, 2.80192066e-01, 1.81789404e-15,
        5.34023091e-02, 5.83913143e-15, 1.78841093e-01, 7.94339475e-16],
       [1.35111763e-17, 2.51994542e-03, 4.21955940e-16, 1.59712531e-02,
        5.97410185e-16, 1.25069554e-01, 1.83700324e-15, 1.00368718e-01,
        1.65463476e-15, 8.60762916e-02, 1.24495455e-14, 1.18740779e+00,
        1.75361756e-30, 1.18296533e+00, 1.47821336e-14, 6.01198634e-01,
        1.38297238e-15, 1.17151045e-01, 1.07714257e-15, 2.13564892e-01],
       [2.67847660e-03, 1.14521085e-15, 8.58777031e-03, 7.40291860e-16,
        6.50212243e-02, 1.82338194e-15, 9.05138421e-02, 9.85253738e-16,
        2.13837481e-01, 2.27455917e-15, 3.90129373e-02, 4.05157354e-15,
        1.18296533e+00, 6.81029070e-32, 2.04205332e+00, 1.17899855e-14,
        1.30424583e-01, 2.92406589e-15, 5.25247706e-02, 6.89513666e-17],
       [9.88637854e-17, 1.59318981e-02, 1.60981008e-16, 4.40956176e-02,
        8.19862027e-16, 9.25431378e-02, 1.02256671e-15, 3.62764352e-01,
        1.53958663e-15, 8.97722250e-02, 2.97940482e-16, 2.80192066e-01,
        1.47821336e-14, 2.04205332e+00, 4.66018203e-31, 1.21259727e+00,
        1.12184319e-14, 5.32320350e-01, 6.29734831e-15, 1.88761200e-01],
       [6.68223280e-03, 6.25729930e-16, 2.60808311e-02, 4.72969487e-16,
        6.68364060e-03, 1.37953723e-16, 1.67879563e-01, 5.32532233e-16,
        2.98003063e-01, 2.14465801e-15, 2.75864653e-01, 1.81789404e-15,
        6.01198634e-01, 1.17899855e-14, 1.21259727e+00, 6.28531160e-31,
        1.02052576e+00, 1.78791636e-14, 1.91686167e-01, 9.01348170e-16],
       [1.22526153e-16, 7.37738379e-03, 1.93047169e-16, 2.20278266e-02,
        5.07402112e-16, 2.56890635e-02, 6.92106766e-16, 9.85751318e-02,
        2.26960861e-15, 3.01888543e-02, 1.68165612e-15, 5.34023091e-02,
        1.38297238e-15, 1.30424583e-01, 1.12184319e-14, 1.02052576e+00,
        8.96850670e-31, 1.45629050e+00, 9.97870353e-15, 4.89201591e-01],
       [3.11175444e-03, 5.48500379e-16, 6.20099229e-03, 1.68343789e-15,
        2.32475946e-03, 7.94452688e-16, 3.89572534e-02, 4.88189417e-16,
        3.07568601e-02, 1.07758149e-15, 8.26030510e-02, 5.83913143e-15,
        1.17151045e-01, 2.92406589e-15, 5.32320350e-01, 1.78791636e-14,
        1.45629050e+00, 1.26152915e-31, 2.02408507e+00, 8.43920934e-15],
       [2.00023003e-16, 5.92183031e-03, 4.14285723e-16, 1.93764023e-02,
        3.27338545e-16, 2.13289396e-02, 2.58563809e-16, 9.57172618e-02,
        1.68154493e-15, 1.48593306e-01, 7.72291165e-16, 1.78841093e-01,
        1.07714257e-15, 5.25247706e-02, 6.29734831e-15, 1.91686167e-01,
        9.97870353e-15, 2.02408507e+00, 1.36651332e-30, 1.26956107e+00],
       [2.97648939e-03, 3.16062161e-16, 7.61270585e-03, 8.44956332e-16,
        1.41145867e-02, 8.27243946e-16, 2.49975202e-03, 2.42799612e-17,
        1.11048685e-01, 5.87296770e-16, 7.77421884e-02, 7.94339475e-16,
        2.13564892e-01, 6.89513666e-17, 1.88761200e-01, 9.01348170e-16,
        4.89201591e-01, 8.43920934e-15, 1.26956107e+00, 1.66190313e-30]],


        "n_minus_matrix" : [[0.00000000e+00, 1.58083819e-01, 2.23970222e-15, 4.74018575e-01,
        2.73469774e-16, 9.16785702e-02, 2.90566032e-17, 9.83185078e-02,
        1.44855939e-16, 6.17923492e-02, 4.26588476e-16, 2.57990447e-02,
        1.35111763e-17, 2.67847660e-03, 9.88637854e-17, 6.68223280e-03,
        1.22526153e-16, 3.11175444e-03, 2.00023003e-16, 2.97648939e-03],
       [0.00000000e+00, 0.00000000e+00, 4.58182431e-01, 3.04901650e-16,
        3.84700017e-01, 2.95789271e-16, 5.05716000e-02, 6.64097589e-16,
        9.98971814e-02, 6.14538710e-16, 2.87353372e-02, 4.63563057e-16,
        2.51994542e-03, 1.14521085e-15, 1.59318981e-02, 6.25729930e-16,
        7.37738379e-03, 5.48500379e-16, 5.92183031e-03, 3.16062161e-16],
       [0.00000000e+00, 0.00000000e+00, 0.00000000e+00, 7.76727626e-01,
        4.17856031e-16, 8.62787723e-02, 3.12388793e-16, 2.55045309e-01,
        2.15336043e-16, 1.21760253e-01, 9.83361920e-16, 3.67701793e-02,
        4.21955940e-16, 8.58777031e-03, 1.60981008e-16, 2.60808311e-02,
        1.93047169e-16, 6.20099229e-03, 4.14285723e-16, 7.61270585e-03],
       [0.00000000e+00, 0.00000000e+00, 0.00000000e+00, 0.00000000e+00,
        5.50207210e-01, 2.15213794e-16, 1.73834226e-01, 1.86435296e-16,
        3.70908098e-01, 9.73306511e-16, 5.72281662e-02, 1.40743874e-15,
        1.59712531e-02, 7.40291860e-16, 4.40956176e-02, 4.72969487e-16,
        2.20278266e-02, 1.68343789e-15, 1.93764023e-02, 8.44956332e-16],
       [0.00000000e+00, 0.00000000e+00, 0.00000000e+00, 0.00000000e+00,
        0.00000000e+00, 8.50159497e-01, 2.74393792e-15, 3.78192938e-02,
        2.34460717e-16, 1.81484945e-01, 1.51135385e-15, 1.60976534e-01,
        5.97410185e-16, 6.50212243e-02, 8.19862027e-16, 6.68364060e-03,
        5.07402112e-16, 2.32475946e-03, 3.27338545e-16, 1.41145867e-02],
       [0.00000000e+00, 0.00000000e+00, 0.00000000e+00, 0.00000000e+00,
        0.00000000e+00, 0.00000000e+00, 6.54691622e-01, 1.10358024e-15,
        1.97824005e-01, 3.00432658e-16, 6.46785053e-02, 7.80757165e-16,
        1.25069554e-01, 1.82338194e-15, 9.25431378e-02, 1.37953723e-16,
        2.56890635e-02, 7.94452688e-16, 2.13289396e-02, 8.27243946e-16],
       [0.00000000e+00, 0.00000000e+00, 0.00000000e+00, 0.00000000e+00,
        0.00000000e+00, 0.00000000e+00, 0.00000000e+00, 9.10874991e-01,
        5.19037388e-16, 1.95040828e-01, 1.73366631e-16, 1.12546568e-01,
        1.83700324e-15, 9.05138421e-02, 1.02256671e-15, 1.67879563e-01,
        6.92106766e-16, 3.89572534e-02, 2.58563809e-16, 2.49975202e-03],
       [0.00000000e+00, 0.00000000e+00, 0.00000000e+00, 0.00000000e+00,
        0.00000000e+00, 0.00000000e+00, 0.00000000e+00, 0.00000000e+00,
        9.74047258e-01, 6.18573987e-16, 3.23518894e-01, 5.02441160e-16,
        1.00368718e-01, 9.85253738e-16, 3.62764352e-01, 5.32532233e-16,
        9.85751318e-02, 4.88189417e-16, 9.57172618e-02, 2.42799612e-17],
       [0.00000000e+00, 0.00000000e+00, 0.00000000e+00, 0.00000000e+00,
        0.00000000e+00, 0.00000000e+00, 0.00000000e+00, 0.00000000e+00,
        0.00000000e+00, 1.46702643e+00, 5.48621671e-15, 1.95779438e-02,
        1.65463476e-15, 2.13837481e-01, 1.53958663e-15, 2.98003063e-01,
        2.26960861e-15, 3.07568601e-02, 1.68154493e-15, 1.11048685e-01],
       [0.00000000e+00, 0.00000000e+00, 0.00000000e+00, 0.00000000e+00,
        0.00000000e+00, 0.00000000e+00, 0.00000000e+00, 0.00000000e+00,
        0.00000000e+00, 0.00000000e+00, 1.02401305e+00, 8.26740940e-15,
        8.60762916e-02, 2.27455917e-15, 8.97722250e-02, 2.14465801e-15,
        3.01888543e-02, 1.07758149e-15, 1.48593306e-01, 5.87296770e-16],
       [0.00000000e+00, 0.00000000e+00, 0.00000000e+00, 0.00000000e+00,
        0.00000000e+00, 0.00000000e+00, 0.00000000e+00, 0.00000000e+00,
        0.00000000e+00, 0.00000000e+00, 0.00000000e+00, 1.11482906e+00,
        1.24495455e-14, 3.90129373e-02, 2.97940482e-16, 2.75864653e-01,
        1.68165612e-15, 8.26030510e-02, 7.72291165e-16, 7.77421884e-02],
       [0.00000000e+00, 0.00000000e+00, 0.00000000e+00, 0.00000000e+00,
        0.00000000e+00, 0.00000000e+00, 0.00000000e+00, 0.00000000e+00,
        0.00000000e+00, 0.00000000e+00, 0.00000000e+00, 0.00000000e+00,
        1.18740779e+00, 4.05157354e-15, 2.80192066e-01, 1.81789404e-15,
        5.34023091e-02, 5.83913143e-15, 1.78841093e-01, 7.94339475e-16],
       [0.00000000e+00, 0.00000000e+00, 0.00000000e+00, 0.00000000e+00,
        0.00000000e+00, 0.00000000e+00, 0.00000000e+00, 0.00000000e+00,
        0.00000000e+00, 0.00000000e+00, 0.00000000e+00, 0.00000000e+00,
        0.00000000e+00, 1.18296533e+00, 1.47821336e-14, 6.01198634e-01,
        1.38297238e-15, 1.17151045e-01, 1.07714257e-15, 2.13564892e-01],
       [0.00000000e+00, 0.00000000e+00, 0.00000000e+00, 0.00000000e+00,
        0.00000000e+00, 0.00000000e+00, 0.00000000e+00, 0.00000000e+00,
        0.00000000e+00, 0.00000000e+00, 0.00000000e+00, 0.00000000e+00,
        0.00000000e+00, 0.00000000e+00, 2.04205332e+00, 1.17899855e-14,
        1.30424583e-01, 2.92406589e-15, 5.25247706e-02, 6.89513666e-17],
       [0.00000000e+00, 0.00000000e+00, 0.00000000e+00, 0.00000000e+00,
        0.00000000e+00, 0.00000000e+00, 0.00000000e+00, 0.00000000e+00,
        0.00000000e+00, 0.00000000e+00, 0.00000000e+00, 0.00000000e+00,
        0.00000000e+00, 0.00000000e+00, 0.00000000e+00, 1.21259727e+00,
        1.12184319e-14, 5.32320350e-01, 6.29734831e-15, 1.88761200e-01],
       [0.00000000e+00, 0.00000000e+00, 0.00000000e+00, 0.00000000e+00,
        0.00000000e+00, 0.00000000e+00, 0.00000000e+00, 0.00000000e+00,
        0.00000000e+00, 0.00000000e+00, 0.00000000e+00, 0.00000000e+00,
        0.00000000e+00, 0.00000000e+00, 0.00000000e+00, 0.00000000e+00,
        1.02052576e+00, 1.78791636e-14, 1.91686167e-01, 9.01348170e-16],
       [0.00000000e+00, 0.00000000e+00, 0.00000000e+00, 0.00000000e+00,
        0.00000000e+00, 0.00000000e+00, 0.00000000e+00, 0.00000000e+00,
        0.00000000e+00, 0.00000000e+00, 0.00000000e+00, 0.00000000e+00,
        0.00000000e+00, 0.00000000e+00, 0.00000000e+00, 0.00000000e+00,
        0.00000000e+00, 1.45629050e+00, 9.97870353e-15, 4.89201591e-01],
       [0.00000000e+00, 0.00000000e+00, 0.00000000e+00, 0.00000000e+00,
        0.00000000e+00, 0.00000000e+00, 0.00000000e+00, 0.00000000e+00,
        0.00000000e+00, 0.00000000e+00, 0.00000000e+00, 0.00000000e+00,
        0.00000000e+00, 0.00000000e+00, 0.00000000e+00, 0.00000000e+00,
        0.00000000e+00, 0.00000000e+00, 2.02408507e+00, 8.43920934e-15],
       [0.00000000e+00, 0.00000000e+00, 0.00000000e+00, 0.00000000e+00,
        0.00000000e+00, 0.00000000e+00, 0.00000000e+00, 0.00000000e+00,
        0.00000000e+00, 0.00000000e+00, 0.00000000e+00, 0.00000000e+00,
        0.00000000e+00, 0.00000000e+00, 0.00000000e+00, 0.00000000e+00,
        0.00000000e+00, 0.00000000e+00, 0.00000000e+00, 1.26956107e+00],
       [0.00000000e+00, 0.00000000e+00, 0.00000000e+00, 0.00000000e+00,
        0.00000000e+00, 0.00000000e+00, 0.00000000e+00, 0.00000000e+00,
        0.00000000e+00, 0.00000000e+00, 0.00000000e+00, 0.00000000e+00,
        0.00000000e+00, 0.00000000e+00, 0.00000000e+00, 0.00000000e+00,
        0.00000000e+00, 0.00000000e+00, 0.00000000e+00, 0.00000000e+00]],
        "n_plus_matrix" : [[0.00000000e+00, 0.00000000e+00, 0.00000000e+00, 0.00000000e+00,
        0.00000000e+00, 0.00000000e+00, 0.00000000e+00, 0.00000000e+00,
        0.00000000e+00, 0.00000000e+00, 0.00000000e+00, 0.00000000e+00,
        0.00000000e+00, 0.00000000e+00, 0.00000000e+00, 0.00000000e+00,
        0.00000000e+00, 0.00000000e+00, 0.00000000e+00, 0.00000000e+00],
       [1.58083819e-01, 0.00000000e+00, 0.00000000e+00, 0.00000000e+00,
        0.00000000e+00, 0.00000000e+00, 0.00000000e+00, 0.00000000e+00,
        0.00000000e+00, 0.00000000e+00, 0.00000000e+00, 0.00000000e+00,
        0.00000000e+00, 0.00000000e+00, 0.00000000e+00, 0.00000000e+00,
        0.00000000e+00, 0.00000000e+00, 0.00000000e+00, 0.00000000e+00],
       [2.23970222e-15, 4.58182431e-01, 0.00000000e+00, 0.00000000e+00,
        0.00000000e+00, 0.00000000e+00, 0.00000000e+00, 0.00000000e+00,
        0.00000000e+00, 0.00000000e+00, 0.00000000e+00, 0.00000000e+00,
        0.00000000e+00, 0.00000000e+00, 0.00000000e+00, 0.00000000e+00,
        0.00000000e+00, 0.00000000e+00, 0.00000000e+00, 0.00000000e+00],
       [4.74018575e-01, 3.04901650e-16, 7.76727626e-01, 0.00000000e+00,
        0.00000000e+00, 0.00000000e+00, 0.00000000e+00, 0.00000000e+00,
        0.00000000e+00, 0.00000000e+00, 0.00000000e+00, 0.00000000e+00,
        0.00000000e+00, 0.00000000e+00, 0.00000000e+00, 0.00000000e+00,
        0.00000000e+00, 0.00000000e+00, 0.00000000e+00, 0.00000000e+00],
       [2.73469774e-16, 3.84700017e-01, 4.17856031e-16, 5.50207210e-01,
        0.00000000e+00, 0.00000000e+00, 0.00000000e+00, 0.00000000e+00,
        0.00000000e+00, 0.00000000e+00, 0.00000000e+00, 0.00000000e+00,
        0.00000000e+00, 0.00000000e+00, 0.00000000e+00, 0.00000000e+00,
        0.00000000e+00, 0.00000000e+00, 0.00000000e+00, 0.00000000e+00],
       [9.16785702e-02, 2.95789271e-16, 8.62787723e-02, 2.15213794e-16,
        8.50159497e-01, 0.00000000e+00, 0.00000000e+00, 0.00000000e+00,
        0.00000000e+00, 0.00000000e+00, 0.00000000e+00, 0.00000000e+00,
        0.00000000e+00, 0.00000000e+00, 0.00000000e+00, 0.00000000e+00,
        0.00000000e+00, 0.00000000e+00, 0.00000000e+00, 0.00000000e+00],
       [2.90566032e-17, 5.05716000e-02, 3.12388793e-16, 1.73834226e-01,
        2.74393792e-15, 6.54691622e-01, 0.00000000e+00, 0.00000000e+00,
        0.00000000e+00, 0.00000000e+00, 0.00000000e+00, 0.00000000e+00,
        0.00000000e+00, 0.00000000e+00, 0.00000000e+00, 0.00000000e+00,
        0.00000000e+00, 0.00000000e+00, 0.00000000e+00, 0.00000000e+00],
       [9.83185078e-02, 6.64097589e-16, 2.55045309e-01, 1.86435296e-16,
        3.78192938e-02, 1.10358024e-15, 9.10874991e-01, 0.00000000e+00,
        0.00000000e+00, 0.00000000e+00, 0.00000000e+00, 0.00000000e+00,
        0.00000000e+00, 0.00000000e+00, 0.00000000e+00, 0.00000000e+00,
        0.00000000e+00, 0.00000000e+00, 0.00000000e+00, 0.00000000e+00],
       [1.44855939e-16, 9.98971814e-02, 2.15336043e-16, 3.70908098e-01,
        2.34460717e-16, 1.97824005e-01, 5.19037388e-16, 9.74047258e-01,
        0.00000000e+00, 0.00000000e+00, 0.00000000e+00, 0.00000000e+00,
        0.00000000e+00, 0.00000000e+00, 0.00000000e+00, 0.00000000e+00,
        0.00000000e+00, 0.00000000e+00, 0.00000000e+00, 0.00000000e+00],
       [6.17923492e-02, 6.14538710e-16, 1.21760253e-01, 9.73306511e-16,
        1.81484945e-01, 3.00432658e-16, 1.95040828e-01, 6.18573987e-16,
        1.46702643e+00, 0.00000000e+00, 0.00000000e+00, 0.00000000e+00,
        0.00000000e+00, 0.00000000e+00, 0.00000000e+00, 0.00000000e+00,
        0.00000000e+00, 0.00000000e+00, 0.00000000e+00, 0.00000000e+00],
       [4.26588476e-16, 2.87353372e-02, 9.83361920e-16, 5.72281662e-02,
        1.51135385e-15, 6.46785053e-02, 1.73366631e-16, 3.23518894e-01,
        5.48621671e-15, 1.02401305e+00, 0.00000000e+00, 0.00000000e+00,
        0.00000000e+00, 0.00000000e+00, 0.00000000e+00, 0.00000000e+00,
        0.00000000e+00, 0.00000000e+00, 0.00000000e+00, 0.00000000e+00],
       [2.57990447e-02, 4.63563057e-16, 3.67701793e-02, 1.40743874e-15,
        1.60976534e-01, 7.80757165e-16, 1.12546568e-01, 5.02441160e-16,
        1.95779438e-02, 8.26740940e-15, 1.11482906e+00, 0.00000000e+00,
        0.00000000e+00, 0.00000000e+00, 0.00000000e+00, 0.00000000e+00,
        0.00000000e+00, 0.00000000e+00, 0.00000000e+00, 0.00000000e+00],
       [1.35111763e-17, 2.51994542e-03, 4.21955940e-16, 1.59712531e-02,
        5.97410185e-16, 1.25069554e-01, 1.83700324e-15, 1.00368718e-01,
        1.65463476e-15, 8.60762916e-02, 1.24495455e-14, 1.18740779e+00,
        0.00000000e+00, 0.00000000e+00, 0.00000000e+00, 0.00000000e+00,
        0.00000000e+00, 0.00000000e+00, 0.00000000e+00, 0.00000000e+00],
       [2.67847660e-03, 1.14521085e-15, 8.58777031e-03, 7.40291860e-16,
        6.50212243e-02, 1.82338194e-15, 9.05138421e-02, 9.85253738e-16,
        2.13837481e-01, 2.27455917e-15, 3.90129373e-02, 4.05157354e-15,
        1.18296533e+00, 0.00000000e+00, 0.00000000e+00, 0.00000000e+00,
        0.00000000e+00, 0.00000000e+00, 0.00000000e+00, 0.00000000e+00],
       [9.88637854e-17, 1.59318981e-02, 1.60981008e-16, 4.40956176e-02,
        8.19862027e-16, 9.25431378e-02, 1.02256671e-15, 3.62764352e-01,
        1.53958663e-15, 8.97722250e-02, 2.97940482e-16, 2.80192066e-01,
        1.47821336e-14, 2.04205332e+00, 0.00000000e+00, 0.00000000e+00,
        0.00000000e+00, 0.00000000e+00, 0.00000000e+00, 0.00000000e+00],
       [6.68223280e-03, 6.25729930e-16, 2.60808311e-02, 4.72969487e-16,
        6.68364060e-03, 1.37953723e-16, 1.67879563e-01, 5.32532233e-16,
        2.98003063e-01, 2.14465801e-15, 2.75864653e-01, 1.81789404e-15,
        6.01198634e-01, 1.17899855e-14, 1.21259727e+00, 0.00000000e+00,
        0.00000000e+00, 0.00000000e+00, 0.00000000e+00, 0.00000000e+00],
       [1.22526153e-16, 7.37738379e-03, 1.93047169e-16, 2.20278266e-02,
        5.07402112e-16, 2.56890635e-02, 6.92106766e-16, 9.85751318e-02,
        2.26960861e-15, 3.01888543e-02, 1.68165612e-15, 5.34023091e-02,
        1.38297238e-15, 1.30424583e-01, 1.12184319e-14, 1.02052576e+00,
        0.00000000e+00, 0.00000000e+00, 0.00000000e+00, 0.00000000e+00],
       [3.11175444e-03, 5.48500379e-16, 6.20099229e-03, 1.68343789e-15,
        2.32475946e-03, 7.94452688e-16, 3.89572534e-02, 4.88189417e-16,
        3.07568601e-02, 1.07758149e-15, 8.26030510e-02, 5.83913143e-15,
        1.17151045e-01, 2.92406589e-15, 5.32320350e-01, 1.78791636e-14,
        1.45629050e+00, 0.00000000e+00, 0.00000000e+00, 0.00000000e+00],
       [2.00023003e-16, 5.92183031e-03, 4.14285723e-16, 1.93764023e-02,
        3.27338545e-16, 2.13289396e-02, 2.58563809e-16, 9.57172618e-02,
        1.68154493e-15, 1.48593306e-01, 7.72291165e-16, 1.78841093e-01,
        1.07714257e-15, 5.25247706e-02, 6.29734831e-15, 1.91686167e-01,
        9.97870353e-15, 2.02408507e+00, 0.00000000e+00, 0.00000000e+00],
       [2.97648939e-03, 3.16062161e-16, 7.61270585e-03, 8.44956332e-16,
        1.41145867e-02, 8.27243946e-16, 2.49975202e-03, 2.42799612e-17,
        1.11048685e-01, 5.87296770e-16, 7.77421884e-02, 7.94339475e-16,
        2.13564892e-01, 6.89513666e-17, 1.88761200e-01, 9.01348170e-16,
        4.89201591e-01, 8.43920934e-15, 1.26956107e+00, 0.00000000e+00]]
    ,
    "omega_r": 58.87344,
    "g": 1.81584,
    "kappa": 0.031415926535897934,
    "resonator_dim": 65
  },
  "pulse": {
    "omega_d": 58.87344,
    "epsilon1": 0.251327,
    "epsilon2": 0.2042035,
    "t_switch": 100.0,
    "t_off": 300.0
},
  "simulation": {
    "t_final": 400.0,
    "n_steps": 400,
    "measurement_efficiency": 0.4,
    "t1": 1000000.0,
    "save_states": false,
    "progress": false
  }
}