{
 "cells": [
  {
   "cell_type": "code",
   "execution_count": 1,
   "id": "69b78750",
   "metadata": {},
   "outputs": [],
   "source": [
    "import scqubits as scq\n",
    "import qutip as qt\n",
    "import numpy as np"
   ]
  },
  {
   "cell_type": "code",
   "execution_count": 87,
   "id": "a88057e8",
   "metadata": {},
   "outputs": [],
   "source": [
    "m = 60 # number of transmon levels\n",
    "#Ej = 2.93556 #/2/pi\n",
    "Ej = 4.0\n",
    "#Ec = 0.73032 #/2/pi\n",
    "Ec = 1.0 #/2/pi\n",
    "#El = 0.55097 #/2/pi\n",
    "El = 0.75 #/2/pi\n",
    "phi_ext = 0.5 #*2*pi\n",
    "flx = scq.Fluxonium(Ej,Ec,El,phi_ext,cutoff = m)"
   ]
  },
  {
   "cell_type": "code",
   "execution_count": 88,
   "id": "d1ee9d94",
   "metadata": {},
   "outputs": [
    {
     "name": "stdout",
     "output_type": "stream",
     "text": [
      "4.0\n",
      "0.75\n"
     ]
    }
   ],
   "source": [
    "x = Ej/Ec\n",
    "print(x)\n",
    "x = El/Ec\n",
    "print(x)"
   ]
  },
  {
   "cell_type": "code",
   "execution_count": 106,
   "id": "54239aea",
   "metadata": {},
   "outputs": [
    {
     "name": "stdout",
     "output_type": "stream",
     "text": [
      "[0.         0.38854778 3.90223828 6.11015607 9.18289193]\n"
     ]
    }
   ],
   "source": [
    "omega_levels = flx.eigenvals(5) - flx.eigenvals(5)[0]\n",
    "print(omega_levels)"
   ]
  },
  {
   "cell_type": "code",
   "execution_count": 139,
   "id": "2b4df886",
   "metadata": {},
   "outputs": [
    {
     "name": "stdout",
     "output_type": "stream",
     "text": [
      "[ 0.          0.38854778  3.90223828  6.11015607  9.18289193 12.2289655\n",
      " 15.28019802 18.13555164 20.6373502  22.70711498 24.55386541 26.49697931\n",
      " 28.62129318 30.86140648 33.18640806 35.59025595 38.06348952 40.59499616\n",
      " 43.17494045 45.79374894]\n"
     ]
    }
   ],
   "source": [
    "omega_levels = flx.eigenvals(20) - flx.eigenvals(20)[0]\n",
    "print(omega_levels)"
   ]
  },
  {
   "cell_type": "code",
   "execution_count": 58,
   "id": "1f069f94",
   "metadata": {},
   "outputs": [],
   "source": [
    "evals, evecs = flx.eigensys(evals_count=200)"
   ]
  },
  {
   "cell_type": "code",
   "execution_count": 90,
   "id": "d3a06afb",
   "metadata": {},
   "outputs": [],
   "source": [
    "evals, evecs = flx.eigensys(evals_count=60)"
   ]
  },
  {
   "cell_type": "code",
   "execution_count": 91,
   "id": "6f03a34e",
   "metadata": {},
   "outputs": [
    {
     "data": {
      "text/plain": [
       "60"
      ]
     },
     "execution_count": 91,
     "metadata": {},
     "output_type": "execute_result"
    }
   ],
   "source": [
    "evals.shape\n",
    "# (20,)\n",
    "\n",
    "len(evecs)\n",
    "# 20"
   ]
  },
  {
   "cell_type": "code",
   "execution_count": 92,
   "id": "d83120b5",
   "metadata": {},
   "outputs": [],
   "source": [
    "N = flx.n_operator()"
   ]
  },
  {
   "cell_type": "code",
   "execution_count": 93,
   "id": "fff55a9b",
   "metadata": {},
   "outputs": [],
   "source": [
    "V = np.column_stack(\n",
    "    [state.flatten() for state in evecs]\n",
    ")"
   ]
  },
  {
   "cell_type": "code",
   "execution_count": 94,
   "id": "ff4cf4b4",
   "metadata": {},
   "outputs": [
    {
     "name": "stderr",
     "output_type": "stream",
     "text": [
      "RuntimeWarning: divide by zero encountered in matmul\n",
      " /var/folders/d2/8d87_b4x1lvfx88t0zzzyhc40000gn/T/ipykernel_15132/1244231107.py: 1RuntimeWarning: overflow encountered in matmul\n",
      " /var/folders/d2/8d87_b4x1lvfx88t0zzzyhc40000gn/T/ipykernel_15132/1244231107.py: 1RuntimeWarning: invalid value encountered in matmul\n",
      " /var/folders/d2/8d87_b4x1lvfx88t0zzzyhc40000gn/T/ipykernel_15132/1244231107.py: 1"
     ]
    }
   ],
   "source": [
    "N_eig = V.conj().T @ N @ V"
   ]
  },
  {
   "cell_type": "code",
   "execution_count": null,
   "id": "8d804086",
   "metadata": {},
   "outputs": [
    {
     "data": {
      "text/plain": [
       "array([[1.91172162e-31, 1.58083819e-01, 2.23970222e-15, 4.74018575e-01,\n",
       "        2.73469774e-16],\n",
       "       [1.58083819e-01, 4.16991160e-33, 4.58182431e-01, 3.04901650e-16,\n",
       "        3.84700017e-01],\n",
       "       [2.23970222e-15, 4.58182431e-01, 4.19909342e-32, 7.76727626e-01,\n",
       "        4.17856031e-16],\n",
       "       [4.74018575e-01, 3.04901650e-16, 7.76727626e-01, 4.23032038e-33,\n",
       "        5.50207210e-01],\n",
       "       [2.73469774e-16, 3.84700017e-01, 4.17856031e-16, 5.50207210e-01,\n",
       "        5.53279651e-32]])"
      ]
     },
     "execution_count": 107,
     "metadata": {},
     "output_type": "execute_result"
    }
   ],
   "source": [
    "np.abs(N_eig[:20,:5])"
   ]
  },
  {
   "cell_type": "code",
   "execution_count": 140,
   "id": "7dddb944",
   "metadata": {},
   "outputs": [
    {
     "data": {
      "text/plain": [
       "array([[1.91172162e-31, 1.58083819e-01, 2.23970222e-15, 4.74018575e-01,\n",
       "        2.73469774e-16, 9.16785702e-02, 2.90566032e-17, 9.83185078e-02,\n",
       "        1.44855939e-16, 6.17923492e-02, 4.26588476e-16, 2.57990447e-02,\n",
       "        1.35111763e-17, 2.67847660e-03, 9.88637854e-17, 6.68223280e-03,\n",
       "        1.22526153e-16, 3.11175444e-03, 2.00023003e-16, 2.97648939e-03],\n",
       "       [1.58083819e-01, 4.16991160e-33, 4.58182431e-01, 3.04901650e-16,\n",
       "        3.84700017e-01, 2.95789271e-16, 5.05716000e-02, 6.64097589e-16,\n",
       "        9.98971814e-02, 6.14538710e-16, 2.87353372e-02, 4.63563057e-16,\n",
       "        2.51994542e-03, 1.14521085e-15, 1.59318981e-02, 6.25729930e-16,\n",
       "        7.37738379e-03, 5.48500379e-16, 5.92183031e-03, 3.16062161e-16],\n",
       "       [2.23970222e-15, 4.58182431e-01, 4.19909342e-32, 7.76727626e-01,\n",
       "        4.17856031e-16, 8.62787723e-02, 3.12388793e-16, 2.55045309e-01,\n",
       "        2.15336043e-16, 1.21760253e-01, 9.83361920e-16, 3.67701793e-02,\n",
       "        4.21955940e-16, 8.58777031e-03, 1.60981008e-16, 2.60808311e-02,\n",
       "        1.93047169e-16, 6.20099229e-03, 4.14285723e-16, 7.61270585e-03],\n",
       "       [4.74018575e-01, 3.04901650e-16, 7.76727626e-01, 4.23032038e-33,\n",
       "        5.50207210e-01, 2.15213794e-16, 1.73834226e-01, 1.86435296e-16,\n",
       "        3.70908098e-01, 9.73306511e-16, 5.72281662e-02, 1.40743874e-15,\n",
       "        1.59712531e-02, 7.40291860e-16, 4.40956176e-02, 4.72969487e-16,\n",
       "        2.20278266e-02, 1.68343789e-15, 1.93764023e-02, 8.44956332e-16],\n",
       "       [2.73469774e-16, 3.84700017e-01, 4.17856031e-16, 5.50207210e-01,\n",
       "        5.53279651e-32, 8.50159497e-01, 2.74393792e-15, 3.78192938e-02,\n",
       "        2.34460717e-16, 1.81484945e-01, 1.51135385e-15, 1.60976534e-01,\n",
       "        5.97410185e-16, 6.50212243e-02, 8.19862027e-16, 6.68364060e-03,\n",
       "        5.07402112e-16, 2.32475946e-03, 3.27338545e-16, 1.41145867e-02],\n",
       "       [9.16785702e-02, 2.95789271e-16, 8.62787723e-02, 2.15213794e-16,\n",
       "        8.50159497e-01, 4.56642795e-32, 6.54691622e-01, 1.10358024e-15,\n",
       "        1.97824005e-01, 3.00432658e-16, 6.46785053e-02, 7.80757165e-16,\n",
       "        1.25069554e-01, 1.82338194e-15, 9.25431378e-02, 1.37953723e-16,\n",
       "        2.56890635e-02, 7.94452688e-16, 2.13289396e-02, 8.27243946e-16],\n",
       "       [2.90566032e-17, 5.05716000e-02, 3.12388793e-16, 1.73834226e-01,\n",
       "        2.74393792e-15, 6.54691622e-01, 6.66097631e-31, 9.10874991e-01,\n",
       "        5.19037388e-16, 1.95040828e-01, 1.73366631e-16, 1.12546568e-01,\n",
       "        1.83700324e-15, 9.05138421e-02, 1.02256671e-15, 1.67879563e-01,\n",
       "        6.92106766e-16, 3.89572534e-02, 2.58563809e-16, 2.49975202e-03],\n",
       "       [9.83185078e-02, 6.64097589e-16, 2.55045309e-01, 1.86435296e-16,\n",
       "        3.78192938e-02, 1.10358024e-15, 9.10874991e-01, 1.76602078e-32,\n",
       "        9.74047258e-01, 6.18573987e-16, 3.23518894e-01, 5.02441160e-16,\n",
       "        1.00368718e-01, 9.85253738e-16, 3.62764352e-01, 5.32532233e-16,\n",
       "        9.85751318e-02, 4.88189417e-16, 9.57172618e-02, 2.42799612e-17],\n",
       "       [1.44855939e-16, 9.98971814e-02, 2.15336043e-16, 3.70908098e-01,\n",
       "        2.34460717e-16, 1.97824005e-01, 5.19037388e-16, 9.74047258e-01,\n",
       "        1.05219563e-30, 1.46702643e+00, 5.48621671e-15, 1.95779438e-02,\n",
       "        1.65463476e-15, 2.13837481e-01, 1.53958663e-15, 2.98003063e-01,\n",
       "        2.26960861e-15, 3.07568601e-02, 1.68154493e-15, 1.11048685e-01],\n",
       "       [6.17923492e-02, 6.14538710e-16, 1.21760253e-01, 9.73306511e-16,\n",
       "        1.81484945e-01, 3.00432658e-16, 1.95040828e-01, 6.18573987e-16,\n",
       "        1.46702643e+00, 4.08224503e-31, 1.02401305e+00, 8.26740940e-15,\n",
       "        8.60762916e-02, 2.27455917e-15, 8.97722250e-02, 2.14465801e-15,\n",
       "        3.01888543e-02, 1.07758149e-15, 1.48593306e-01, 5.87296770e-16],\n",
       "       [4.26588476e-16, 2.87353372e-02, 9.83361920e-16, 5.72281662e-02,\n",
       "        1.51135385e-15, 6.46785053e-02, 1.73366631e-16, 3.23518894e-01,\n",
       "        5.48621671e-15, 1.02401305e+00, 1.55324571e-30, 1.11482906e+00,\n",
       "        1.24495455e-14, 3.90129373e-02, 2.97940482e-16, 2.75864653e-01,\n",
       "        1.68165612e-15, 8.26030510e-02, 7.72291165e-16, 7.77421884e-02],\n",
       "       [2.57990447e-02, 4.63563057e-16, 3.67701793e-02, 1.40743874e-15,\n",
       "        1.60976534e-01, 7.80757165e-16, 1.12546568e-01, 5.02441160e-16,\n",
       "        1.95779438e-02, 8.26740940e-15, 1.11482906e+00, 9.97225886e-32,\n",
       "        1.18740779e+00, 4.05157354e-15, 2.80192066e-01, 1.81789404e-15,\n",
       "        5.34023091e-02, 5.83913143e-15, 1.78841093e-01, 7.94339475e-16],\n",
       "       [1.35111763e-17, 2.51994542e-03, 4.21955940e-16, 1.59712531e-02,\n",
       "        5.97410185e-16, 1.25069554e-01, 1.83700324e-15, 1.00368718e-01,\n",
       "        1.65463476e-15, 8.60762916e-02, 1.24495455e-14, 1.18740779e+00,\n",
       "        1.75361756e-30, 1.18296533e+00, 1.47821336e-14, 6.01198634e-01,\n",
       "        1.38297238e-15, 1.17151045e-01, 1.07714257e-15, 2.13564892e-01],\n",
       "       [2.67847660e-03, 1.14521085e-15, 8.58777031e-03, 7.40291860e-16,\n",
       "        6.50212243e-02, 1.82338194e-15, 9.05138421e-02, 9.85253738e-16,\n",
       "        2.13837481e-01, 2.27455917e-15, 3.90129373e-02, 4.05157354e-15,\n",
       "        1.18296533e+00, 6.81029070e-32, 2.04205332e+00, 1.17899855e-14,\n",
       "        1.30424583e-01, 2.92406589e-15, 5.25247706e-02, 6.89513666e-17],\n",
       "       [9.88637854e-17, 1.59318981e-02, 1.60981008e-16, 4.40956176e-02,\n",
       "        8.19862027e-16, 9.25431378e-02, 1.02256671e-15, 3.62764352e-01,\n",
       "        1.53958663e-15, 8.97722250e-02, 2.97940482e-16, 2.80192066e-01,\n",
       "        1.47821336e-14, 2.04205332e+00, 4.66018203e-31, 1.21259727e+00,\n",
       "        1.12184319e-14, 5.32320350e-01, 6.29734831e-15, 1.88761200e-01],\n",
       "       [6.68223280e-03, 6.25729930e-16, 2.60808311e-02, 4.72969487e-16,\n",
       "        6.68364060e-03, 1.37953723e-16, 1.67879563e-01, 5.32532233e-16,\n",
       "        2.98003063e-01, 2.14465801e-15, 2.75864653e-01, 1.81789404e-15,\n",
       "        6.01198634e-01, 1.17899855e-14, 1.21259727e+00, 6.28531160e-31,\n",
       "        1.02052576e+00, 1.78791636e-14, 1.91686167e-01, 9.01348170e-16],\n",
       "       [1.22526153e-16, 7.37738379e-03, 1.93047169e-16, 2.20278266e-02,\n",
       "        5.07402112e-16, 2.56890635e-02, 6.92106766e-16, 9.85751318e-02,\n",
       "        2.26960861e-15, 3.01888543e-02, 1.68165612e-15, 5.34023091e-02,\n",
       "        1.38297238e-15, 1.30424583e-01, 1.12184319e-14, 1.02052576e+00,\n",
       "        8.96850670e-31, 1.45629050e+00, 9.97870353e-15, 4.89201591e-01],\n",
       "       [3.11175444e-03, 5.48500379e-16, 6.20099229e-03, 1.68343789e-15,\n",
       "        2.32475946e-03, 7.94452688e-16, 3.89572534e-02, 4.88189417e-16,\n",
       "        3.07568601e-02, 1.07758149e-15, 8.26030510e-02, 5.83913143e-15,\n",
       "        1.17151045e-01, 2.92406589e-15, 5.32320350e-01, 1.78791636e-14,\n",
       "        1.45629050e+00, 1.26152915e-31, 2.02408507e+00, 8.43920934e-15],\n",
       "       [2.00023003e-16, 5.92183031e-03, 4.14285723e-16, 1.93764023e-02,\n",
       "        3.27338545e-16, 2.13289396e-02, 2.58563809e-16, 9.57172618e-02,\n",
       "        1.68154493e-15, 1.48593306e-01, 7.72291165e-16, 1.78841093e-01,\n",
       "        1.07714257e-15, 5.25247706e-02, 6.29734831e-15, 1.91686167e-01,\n",
       "        9.97870353e-15, 2.02408507e+00, 1.36651332e-30, 1.26956107e+00],\n",
       "       [2.97648939e-03, 3.16062161e-16, 7.61270585e-03, 8.44956332e-16,\n",
       "        1.41145867e-02, 8.27243946e-16, 2.49975202e-03, 2.42799612e-17,\n",
       "        1.11048685e-01, 5.87296770e-16, 7.77421884e-02, 7.94339475e-16,\n",
       "        2.13564892e-01, 6.89513666e-17, 1.88761200e-01, 9.01348170e-16,\n",
       "        4.89201591e-01, 8.43920934e-15, 1.26956107e+00, 1.66190313e-30]])"
      ]
     },
     "execution_count": 140,
     "metadata": {},
     "output_type": "execute_result"
    }
   ],
   "source": [
    "np.abs(N_eig[:20,:20])"
   ]
  },
  {
   "cell_type": "code",
   "execution_count": 125,
   "id": "bd328e45",
   "metadata": {},
   "outputs": [
    {
     "name": "stdout",
     "output_type": "stream",
     "text": [
      "[[0.00000000e+00 1.58083819e-01 2.23970222e-15 4.74018575e-01\n",
      "  2.73469774e-16 9.16785702e-02 2.90566032e-17 9.83185078e-02\n",
      "  1.44855939e-16 6.17923492e-02 4.26588476e-16 2.57990447e-02\n",
      "  1.35111763e-17 2.67847660e-03 9.88637854e-17 6.68223280e-03\n",
      "  1.22526153e-16 3.11175444e-03 2.00023003e-16 2.97648939e-03]\n",
      " [0.00000000e+00 0.00000000e+00 4.58182431e-01 3.04901650e-16\n",
      "  3.84700017e-01 2.95789271e-16 5.05716000e-02 6.64097589e-16\n",
      "  9.98971814e-02 6.14538710e-16 2.87353372e-02 4.63563057e-16\n",
      "  2.51994542e-03 1.14521085e-15 1.59318981e-02 6.25729930e-16\n",
      "  7.37738379e-03 5.48500379e-16 5.92183031e-03 3.16062161e-16]\n",
      " [0.00000000e+00 0.00000000e+00 0.00000000e+00 7.76727626e-01\n",
      "  4.17856031e-16 8.62787723e-02 3.12388793e-16 2.55045309e-01\n",
      "  2.15336043e-16 1.21760253e-01 9.83361920e-16 3.67701793e-02\n",
      "  4.21955940e-16 8.58777031e-03 1.60981008e-16 2.60808311e-02\n",
      "  1.93047169e-16 6.20099229e-03 4.14285723e-16 7.61270585e-03]\n",
      " [0.00000000e+00 0.00000000e+00 0.00000000e+00 0.00000000e+00\n",
      "  5.50207210e-01 2.15213794e-16 1.73834226e-01 1.86435296e-16\n",
      "  3.70908098e-01 9.73306511e-16 5.72281662e-02 1.40743874e-15\n",
      "  1.59712531e-02 7.40291860e-16 4.40956176e-02 4.72969487e-16\n",
      "  2.20278266e-02 1.68343789e-15 1.93764023e-02 8.44956332e-16]\n",
      " [0.00000000e+00 0.00000000e+00 0.00000000e+00 0.00000000e+00\n",
      "  0.00000000e+00 8.50159497e-01 2.74393792e-15 3.78192938e-02\n",
      "  2.34460717e-16 1.81484945e-01 1.51135385e-15 1.60976534e-01\n",
      "  5.97410185e-16 6.50212243e-02 8.19862027e-16 6.68364060e-03\n",
      "  5.07402112e-16 2.32475946e-03 3.27338545e-16 1.41145867e-02]\n",
      " [0.00000000e+00 0.00000000e+00 0.00000000e+00 0.00000000e+00\n",
      "  0.00000000e+00 0.00000000e+00 6.54691622e-01 1.10358024e-15\n",
      "  1.97824005e-01 3.00432658e-16 6.46785053e-02 7.80757165e-16\n",
      "  1.25069554e-01 1.82338194e-15 9.25431378e-02 1.37953723e-16\n",
      "  2.56890635e-02 7.94452688e-16 2.13289396e-02 8.27243946e-16]\n",
      " [0.00000000e+00 0.00000000e+00 0.00000000e+00 0.00000000e+00\n",
      "  0.00000000e+00 0.00000000e+00 0.00000000e+00 9.10874991e-01\n",
      "  5.19037388e-16 1.95040828e-01 1.73366631e-16 1.12546568e-01\n",
      "  1.83700324e-15 9.05138421e-02 1.02256671e-15 1.67879563e-01\n",
      "  6.92106766e-16 3.89572534e-02 2.58563809e-16 2.49975202e-03]\n",
      " [0.00000000e+00 0.00000000e+00 0.00000000e+00 0.00000000e+00\n",
      "  0.00000000e+00 0.00000000e+00 0.00000000e+00 0.00000000e+00\n",
      "  9.74047258e-01 6.18573987e-16 3.23518894e-01 5.02441160e-16\n",
      "  1.00368718e-01 9.85253738e-16 3.62764352e-01 5.32532233e-16\n",
      "  9.85751318e-02 4.88189417e-16 9.57172618e-02 2.42799612e-17]\n",
      " [0.00000000e+00 0.00000000e+00 0.00000000e+00 0.00000000e+00\n",
      "  0.00000000e+00 0.00000000e+00 0.00000000e+00 0.00000000e+00\n",
      "  0.00000000e+00 1.46702643e+00 5.48621671e-15 1.95779438e-02\n",
      "  1.65463476e-15 2.13837481e-01 1.53958663e-15 2.98003063e-01\n",
      "  2.26960861e-15 3.07568601e-02 1.68154493e-15 1.11048685e-01]\n",
      " [0.00000000e+00 0.00000000e+00 0.00000000e+00 0.00000000e+00\n",
      "  0.00000000e+00 0.00000000e+00 0.00000000e+00 0.00000000e+00\n",
      "  0.00000000e+00 0.00000000e+00 1.02401305e+00 8.26740940e-15\n",
      "  8.60762916e-02 2.27455917e-15 8.97722250e-02 2.14465801e-15\n",
      "  3.01888543e-02 1.07758149e-15 1.48593306e-01 5.87296770e-16]\n",
      " [0.00000000e+00 0.00000000e+00 0.00000000e+00 0.00000000e+00\n",
      "  0.00000000e+00 0.00000000e+00 0.00000000e+00 0.00000000e+00\n",
      "  0.00000000e+00 0.00000000e+00 0.00000000e+00 1.11482906e+00\n",
      "  1.24495455e-14 3.90129373e-02 2.97940482e-16 2.75864653e-01\n",
      "  1.68165612e-15 8.26030510e-02 7.72291165e-16 7.77421884e-02]\n",
      " [0.00000000e+00 0.00000000e+00 0.00000000e+00 0.00000000e+00\n",
      "  0.00000000e+00 0.00000000e+00 0.00000000e+00 0.00000000e+00\n",
      "  0.00000000e+00 0.00000000e+00 0.00000000e+00 0.00000000e+00\n",
      "  1.18740779e+00 4.05157354e-15 2.80192066e-01 1.81789404e-15\n",
      "  5.34023091e-02 5.83913143e-15 1.78841093e-01 7.94339475e-16]\n",
      " [0.00000000e+00 0.00000000e+00 0.00000000e+00 0.00000000e+00\n",
      "  0.00000000e+00 0.00000000e+00 0.00000000e+00 0.00000000e+00\n",
      "  0.00000000e+00 0.00000000e+00 0.00000000e+00 0.00000000e+00\n",
      "  0.00000000e+00 1.18296533e+00 1.47821336e-14 6.01198634e-01\n",
      "  1.38297238e-15 1.17151045e-01 1.07714257e-15 2.13564892e-01]\n",
      " [0.00000000e+00 0.00000000e+00 0.00000000e+00 0.00000000e+00\n",
      "  0.00000000e+00 0.00000000e+00 0.00000000e+00 0.00000000e+00\n",
      "  0.00000000e+00 0.00000000e+00 0.00000000e+00 0.00000000e+00\n",
      "  0.00000000e+00 0.00000000e+00 2.04205332e+00 1.17899855e-14\n",
      "  1.30424583e-01 2.92406589e-15 5.25247706e-02 6.89513666e-17]\n",
      " [0.00000000e+00 0.00000000e+00 0.00000000e+00 0.00000000e+00\n",
      "  0.00000000e+00 0.00000000e+00 0.00000000e+00 0.00000000e+00\n",
      "  0.00000000e+00 0.00000000e+00 0.00000000e+00 0.00000000e+00\n",
      "  0.00000000e+00 0.00000000e+00 0.00000000e+00 1.21259727e+00\n",
      "  1.12184319e-14 5.32320350e-01 6.29734831e-15 1.88761200e-01]\n",
      " [0.00000000e+00 0.00000000e+00 0.00000000e+00 0.00000000e+00\n",
      "  0.00000000e+00 0.00000000e+00 0.00000000e+00 0.00000000e+00\n",
      "  0.00000000e+00 0.00000000e+00 0.00000000e+00 0.00000000e+00\n",
      "  0.00000000e+00 0.00000000e+00 0.00000000e+00 0.00000000e+00\n",
      "  1.02052576e+00 1.78791636e-14 1.91686167e-01 9.01348170e-16]\n",
      " [0.00000000e+00 0.00000000e+00 0.00000000e+00 0.00000000e+00\n",
      "  0.00000000e+00 0.00000000e+00 0.00000000e+00 0.00000000e+00\n",
      "  0.00000000e+00 0.00000000e+00 0.00000000e+00 0.00000000e+00\n",
      "  0.00000000e+00 0.00000000e+00 0.00000000e+00 0.00000000e+00\n",
      "  0.00000000e+00 1.45629050e+00 9.97870353e-15 4.89201591e-01]\n",
      " [0.00000000e+00 0.00000000e+00 0.00000000e+00 0.00000000e+00\n",
      "  0.00000000e+00 0.00000000e+00 0.00000000e+00 0.00000000e+00\n",
      "  0.00000000e+00 0.00000000e+00 0.00000000e+00 0.00000000e+00\n",
      "  0.00000000e+00 0.00000000e+00 0.00000000e+00 0.00000000e+00\n",
      "  0.00000000e+00 0.00000000e+00 2.02408507e+00 8.43920934e-15]\n",
      " [0.00000000e+00 0.00000000e+00 0.00000000e+00 0.00000000e+00\n",
      "  0.00000000e+00 0.00000000e+00 0.00000000e+00 0.00000000e+00\n",
      "  0.00000000e+00 0.00000000e+00 0.00000000e+00 0.00000000e+00\n",
      "  0.00000000e+00 0.00000000e+00 0.00000000e+00 0.00000000e+00\n",
      "  0.00000000e+00 0.00000000e+00 0.00000000e+00 1.26956107e+00]\n",
      " [0.00000000e+00 0.00000000e+00 0.00000000e+00 0.00000000e+00\n",
      "  0.00000000e+00 0.00000000e+00 0.00000000e+00 0.00000000e+00\n",
      "  0.00000000e+00 0.00000000e+00 0.00000000e+00 0.00000000e+00\n",
      "  0.00000000e+00 0.00000000e+00 0.00000000e+00 0.00000000e+00\n",
      "  0.00000000e+00 0.00000000e+00 0.00000000e+00 0.00000000e+00]]\n"
     ]
    },
    {
     "data": {
      "text/plain": [
       "True"
      ]
     },
     "execution_count": 125,
     "metadata": {},
     "output_type": "execute_result"
    }
   ],
   "source": [
    "N = len(evals)\n",
    "n_minus= np.zeros((N,N), dtype = complex)\n",
    "for i in range(N):\n",
    "    for j in range(i+1 , N):\n",
    "        n_minus[i,j] = N_eig[i,j]\n",
    "\n",
    "n_plus = n_minus.conj().T\n",
    "#print(np.abs(n_plus[:20, :20]))\n",
    "print(np.abs(n_minus[:20, :20]))\n",
    "np.allclose(N_eig, n_plus + n_minus)"
   ]
  },
  {
   "cell_type": "code",
   "execution_count": 142,
   "id": "7c5ccebc",
   "metadata": {},
   "outputs": [
    {
     "data": {
      "text/plain": [
       "array([[0.00000000e+00, 0.00000000e+00, 0.00000000e+00, 0.00000000e+00,\n",
       "        0.00000000e+00, 0.00000000e+00, 0.00000000e+00, 0.00000000e+00,\n",
       "        0.00000000e+00, 0.00000000e+00, 0.00000000e+00, 0.00000000e+00,\n",
       "        0.00000000e+00, 0.00000000e+00, 0.00000000e+00, 0.00000000e+00,\n",
       "        0.00000000e+00, 0.00000000e+00, 0.00000000e+00, 0.00000000e+00],\n",
       "       [1.58083819e-01, 0.00000000e+00, 0.00000000e+00, 0.00000000e+00,\n",
       "        0.00000000e+00, 0.00000000e+00, 0.00000000e+00, 0.00000000e+00,\n",
       "        0.00000000e+00, 0.00000000e+00, 0.00000000e+00, 0.00000000e+00,\n",
       "        0.00000000e+00, 0.00000000e+00, 0.00000000e+00, 0.00000000e+00,\n",
       "        0.00000000e+00, 0.00000000e+00, 0.00000000e+00, 0.00000000e+00],\n",
       "       [2.23970222e-15, 4.58182431e-01, 0.00000000e+00, 0.00000000e+00,\n",
       "        0.00000000e+00, 0.00000000e+00, 0.00000000e+00, 0.00000000e+00,\n",
       "        0.00000000e+00, 0.00000000e+00, 0.00000000e+00, 0.00000000e+00,\n",
       "        0.00000000e+00, 0.00000000e+00, 0.00000000e+00, 0.00000000e+00,\n",
       "        0.00000000e+00, 0.00000000e+00, 0.00000000e+00, 0.00000000e+00],\n",
       "       [4.74018575e-01, 3.04901650e-16, 7.76727626e-01, 0.00000000e+00,\n",
       "        0.00000000e+00, 0.00000000e+00, 0.00000000e+00, 0.00000000e+00,\n",
       "        0.00000000e+00, 0.00000000e+00, 0.00000000e+00, 0.00000000e+00,\n",
       "        0.00000000e+00, 0.00000000e+00, 0.00000000e+00, 0.00000000e+00,\n",
       "        0.00000000e+00, 0.00000000e+00, 0.00000000e+00, 0.00000000e+00],\n",
       "       [2.73469774e-16, 3.84700017e-01, 4.17856031e-16, 5.50207210e-01,\n",
       "        0.00000000e+00, 0.00000000e+00, 0.00000000e+00, 0.00000000e+00,\n",
       "        0.00000000e+00, 0.00000000e+00, 0.00000000e+00, 0.00000000e+00,\n",
       "        0.00000000e+00, 0.00000000e+00, 0.00000000e+00, 0.00000000e+00,\n",
       "        0.00000000e+00, 0.00000000e+00, 0.00000000e+00, 0.00000000e+00],\n",
       "       [9.16785702e-02, 2.95789271e-16, 8.62787723e-02, 2.15213794e-16,\n",
       "        8.50159497e-01, 0.00000000e+00, 0.00000000e+00, 0.00000000e+00,\n",
       "        0.00000000e+00, 0.00000000e+00, 0.00000000e+00, 0.00000000e+00,\n",
       "        0.00000000e+00, 0.00000000e+00, 0.00000000e+00, 0.00000000e+00,\n",
       "        0.00000000e+00, 0.00000000e+00, 0.00000000e+00, 0.00000000e+00],\n",
       "       [2.90566032e-17, 5.05716000e-02, 3.12388793e-16, 1.73834226e-01,\n",
       "        2.74393792e-15, 6.54691622e-01, 0.00000000e+00, 0.00000000e+00,\n",
       "        0.00000000e+00, 0.00000000e+00, 0.00000000e+00, 0.00000000e+00,\n",
       "        0.00000000e+00, 0.00000000e+00, 0.00000000e+00, 0.00000000e+00,\n",
       "        0.00000000e+00, 0.00000000e+00, 0.00000000e+00, 0.00000000e+00],\n",
       "       [9.83185078e-02, 6.64097589e-16, 2.55045309e-01, 1.86435296e-16,\n",
       "        3.78192938e-02, 1.10358024e-15, 9.10874991e-01, 0.00000000e+00,\n",
       "        0.00000000e+00, 0.00000000e+00, 0.00000000e+00, 0.00000000e+00,\n",
       "        0.00000000e+00, 0.00000000e+00, 0.00000000e+00, 0.00000000e+00,\n",
       "        0.00000000e+00, 0.00000000e+00, 0.00000000e+00, 0.00000000e+00],\n",
       "       [1.44855939e-16, 9.98971814e-02, 2.15336043e-16, 3.70908098e-01,\n",
       "        2.34460717e-16, 1.97824005e-01, 5.19037388e-16, 9.74047258e-01,\n",
       "        0.00000000e+00, 0.00000000e+00, 0.00000000e+00, 0.00000000e+00,\n",
       "        0.00000000e+00, 0.00000000e+00, 0.00000000e+00, 0.00000000e+00,\n",
       "        0.00000000e+00, 0.00000000e+00, 0.00000000e+00, 0.00000000e+00],\n",
       "       [6.17923492e-02, 6.14538710e-16, 1.21760253e-01, 9.73306511e-16,\n",
       "        1.81484945e-01, 3.00432658e-16, 1.95040828e-01, 6.18573987e-16,\n",
       "        1.46702643e+00, 0.00000000e+00, 0.00000000e+00, 0.00000000e+00,\n",
       "        0.00000000e+00, 0.00000000e+00, 0.00000000e+00, 0.00000000e+00,\n",
       "        0.00000000e+00, 0.00000000e+00, 0.00000000e+00, 0.00000000e+00],\n",
       "       [4.26588476e-16, 2.87353372e-02, 9.83361920e-16, 5.72281662e-02,\n",
       "        1.51135385e-15, 6.46785053e-02, 1.73366631e-16, 3.23518894e-01,\n",
       "        5.48621671e-15, 1.02401305e+00, 0.00000000e+00, 0.00000000e+00,\n",
       "        0.00000000e+00, 0.00000000e+00, 0.00000000e+00, 0.00000000e+00,\n",
       "        0.00000000e+00, 0.00000000e+00, 0.00000000e+00, 0.00000000e+00],\n",
       "       [2.57990447e-02, 4.63563057e-16, 3.67701793e-02, 1.40743874e-15,\n",
       "        1.60976534e-01, 7.80757165e-16, 1.12546568e-01, 5.02441160e-16,\n",
       "        1.95779438e-02, 8.26740940e-15, 1.11482906e+00, 0.00000000e+00,\n",
       "        0.00000000e+00, 0.00000000e+00, 0.00000000e+00, 0.00000000e+00,\n",
       "        0.00000000e+00, 0.00000000e+00, 0.00000000e+00, 0.00000000e+00],\n",
       "       [1.35111763e-17, 2.51994542e-03, 4.21955940e-16, 1.59712531e-02,\n",
       "        5.97410185e-16, 1.25069554e-01, 1.83700324e-15, 1.00368718e-01,\n",
       "        1.65463476e-15, 8.60762916e-02, 1.24495455e-14, 1.18740779e+00,\n",
       "        0.00000000e+00, 0.00000000e+00, 0.00000000e+00, 0.00000000e+00,\n",
       "        0.00000000e+00, 0.00000000e+00, 0.00000000e+00, 0.00000000e+00],\n",
       "       [2.67847660e-03, 1.14521085e-15, 8.58777031e-03, 7.40291860e-16,\n",
       "        6.50212243e-02, 1.82338194e-15, 9.05138421e-02, 9.85253738e-16,\n",
       "        2.13837481e-01, 2.27455917e-15, 3.90129373e-02, 4.05157354e-15,\n",
       "        1.18296533e+00, 0.00000000e+00, 0.00000000e+00, 0.00000000e+00,\n",
       "        0.00000000e+00, 0.00000000e+00, 0.00000000e+00, 0.00000000e+00],\n",
       "       [9.88637854e-17, 1.59318981e-02, 1.60981008e-16, 4.40956176e-02,\n",
       "        8.19862027e-16, 9.25431378e-02, 1.02256671e-15, 3.62764352e-01,\n",
       "        1.53958663e-15, 8.97722250e-02, 2.97940482e-16, 2.80192066e-01,\n",
       "        1.47821336e-14, 2.04205332e+00, 0.00000000e+00, 0.00000000e+00,\n",
       "        0.00000000e+00, 0.00000000e+00, 0.00000000e+00, 0.00000000e+00],\n",
       "       [6.68223280e-03, 6.25729930e-16, 2.60808311e-02, 4.72969487e-16,\n",
       "        6.68364060e-03, 1.37953723e-16, 1.67879563e-01, 5.32532233e-16,\n",
       "        2.98003063e-01, 2.14465801e-15, 2.75864653e-01, 1.81789404e-15,\n",
       "        6.01198634e-01, 1.17899855e-14, 1.21259727e+00, 0.00000000e+00,\n",
       "        0.00000000e+00, 0.00000000e+00, 0.00000000e+00, 0.00000000e+00],\n",
       "       [1.22526153e-16, 7.37738379e-03, 1.93047169e-16, 2.20278266e-02,\n",
       "        5.07402112e-16, 2.56890635e-02, 6.92106766e-16, 9.85751318e-02,\n",
       "        2.26960861e-15, 3.01888543e-02, 1.68165612e-15, 5.34023091e-02,\n",
       "        1.38297238e-15, 1.30424583e-01, 1.12184319e-14, 1.02052576e+00,\n",
       "        0.00000000e+00, 0.00000000e+00, 0.00000000e+00, 0.00000000e+00],\n",
       "       [3.11175444e-03, 5.48500379e-16, 6.20099229e-03, 1.68343789e-15,\n",
       "        2.32475946e-03, 7.94452688e-16, 3.89572534e-02, 4.88189417e-16,\n",
       "        3.07568601e-02, 1.07758149e-15, 8.26030510e-02, 5.83913143e-15,\n",
       "        1.17151045e-01, 2.92406589e-15, 5.32320350e-01, 1.78791636e-14,\n",
       "        1.45629050e+00, 0.00000000e+00, 0.00000000e+00, 0.00000000e+00],\n",
       "       [2.00023003e-16, 5.92183031e-03, 4.14285723e-16, 1.93764023e-02,\n",
       "        3.27338545e-16, 2.13289396e-02, 2.58563809e-16, 9.57172618e-02,\n",
       "        1.68154493e-15, 1.48593306e-01, 7.72291165e-16, 1.78841093e-01,\n",
       "        1.07714257e-15, 5.25247706e-02, 6.29734831e-15, 1.91686167e-01,\n",
       "        9.97870353e-15, 2.02408507e+00, 0.00000000e+00, 0.00000000e+00],\n",
       "       [2.97648939e-03, 3.16062161e-16, 7.61270585e-03, 8.44956332e-16,\n",
       "        1.41145867e-02, 8.27243946e-16, 2.49975202e-03, 2.42799612e-17,\n",
       "        1.11048685e-01, 5.87296770e-16, 7.77421884e-02, 7.94339475e-16,\n",
       "        2.13564892e-01, 6.89513666e-17, 1.88761200e-01, 9.01348170e-16,\n",
       "        4.89201591e-01, 8.43920934e-15, 1.26956107e+00, 0.00000000e+00]])"
      ]
     },
     "execution_count": 142,
     "metadata": {},
     "output_type": "execute_result"
    }
   ],
   "source": [
    "np.abs(n_plus[:20, :20])"
   ]
  },
  {
   "cell_type": "code",
   "execution_count": 46,
   "id": "a1abb78b",
   "metadata": {},
   "outputs": [
    {
     "name": "stdout",
     "output_type": "stream",
     "text": [
      "[40 40]\n"
     ]
    }
   ],
   "source": [
    "import numpy as np\n",
    "\n",
    "print(np.array(N_eig.shape))"
   ]
  },
  {
   "cell_type": "code",
   "execution_count": 47,
   "id": "0c32ba7d",
   "metadata": {},
   "outputs": [],
   "source": [
    "from parameters import load_json"
   ]
  },
  {
   "cell_type": "code",
   "execution_count": 48,
   "id": "c99f73be",
   "metadata": {},
   "outputs": [
    {
     "name": "stdout",
     "output_type": "stream",
     "text": [
      "(20, 20)\n"
     ]
    }
   ],
   "source": [
    "device, pulse, simulation = load_json(\"device_parameter.json\")\n",
    "\n",
    "print(device.n_matrix.shape)"
   ]
  },
  {
   "cell_type": "code",
   "execution_count": 23,
   "id": "9060c664",
   "metadata": {},
   "outputs": [
    {
     "name": "stdout",
     "output_type": "stream",
     "text": [
      "Fluxonium dim: 20\n",
      "n_matrix shape: (20, 20)\n",
      "Resonator dim: 65\n",
      "epsilon1: 0.251327\n",
      "epsilon2: 0.204204\n"
     ]
    }
   ],
   "source": [
    "device, pulse, simulation = load_json(\"device_parameter.json\")\n",
    "\n",
    "print(\"Fluxonium dim:\", device.fluxonium_dim)\n",
    "print(\"n_matrix shape:\", device.n_matrix.shape)\n",
    "print(\"Resonator dim:\", device.resonator_dim)\n",
    "\n",
    "print(\"epsilon1:\", pulse.epsilon1)\n",
    "print(\"epsilon2:\", pulse.epsilon2)\n",
    "\n"
   ]
  },
  {
   "cell_type": "code",
   "execution_count": null,
   "id": "1afcc9e0",
   "metadata": {},
   "outputs": [],
   "source": []
  },
  {
   "cell_type": "code",
   "execution_count": 1,
   "id": "581e8b03",
   "metadata": {},
   "outputs": [],
   "source": [
    "from __future__ import annotations\n",
    "\n",
    "import jax.numpy as jnp\n",
    "import numpy as np\n",
    "import dynamiqs as dq\n",
    "\n",
    "from parameters import DeviceParameters, PulseParameters\n"
   ]
  },
  {
   "cell_type": "code",
   "execution_count": 4,
   "id": "f039bf42",
   "metadata": {},
   "outputs": [],
   "source": [
    "def modulation(t: float, pulse: PulseParameters) -> float:\n",
    "        amp = jnp.where(t< 100.0, pulse.epsilon1, jnp.where(t < 300.0, pulse.epsilon2, 0.0))\n",
    "        return amp"
   ]
  },
  {
   "cell_type": "code",
   "execution_count": 8,
   "id": "64045640",
   "metadata": {},
   "outputs": [
    {
     "name": "stdout",
     "output_type": "stream",
     "text": [
      "0 0.0\n",
      "50 0.0\n",
      "99 0.0\n",
      "100 0.0\n",
      "150 0.0\n",
      "299 0.0\n",
      "300 0.0\n",
      "301 0.0\n",
      "500 0.0\n"
     ]
    }
   ],
   "source": [
    "\n",
    "for t in [0, 50, 99, 100, 150, 299, 300, 301, 500]:\n",
    "    print(t, modulation(t, PulseParameters))"
   ]
  },
  {
   "cell_type": "code",
   "execution_count": 9,
   "id": "1d170a0f",
   "metadata": {},
   "outputs": [
    {
     "ename": "NameError",
     "evalue": "name 'pulse' is not defined",
     "output_type": "error",
     "traceback": [
      "\u001b[31m---------------------------------------------------------------------------\u001b[39m",
      "\u001b[31mNameError\u001b[39m                                 Traceback (most recent call last)",
      "\u001b[36mCell\u001b[39m\u001b[36m \u001b[39m\u001b[32mIn[9]\u001b[39m\u001b[32m, line 1\u001b[39m\n\u001b[32m----> \u001b[39m\u001b[32m1\u001b[39m \u001b[38;5;28mprint\u001b[39m(\u001b[43mpulse\u001b[49m.epsilon1)\n\u001b[32m      2\u001b[39m \u001b[38;5;28mprint\u001b[39m(pulse.epsilon2)\n\u001b[32m      3\u001b[39m \u001b[38;5;28mprint\u001b[39m(pulse.t_switch)\n",
      "\u001b[31mNameError\u001b[39m: name 'pulse' is not defined"
     ]
    }
   ],
   "source": [
    "print(pulse.epsilon1)\n",
    "print(pulse.epsilon2)\n",
    "print(pulse.t_switch)\n",
    "print(pulse.t_off)"
   ]
  }
 ],
 "metadata": {
  "kernelspec": {
   "display_name": "Gb_flx",
   "language": "python",
   "name": "python3"
  },
  "language_info": {
   "codemirror_mode": {
    "name": "ipython",
    "version": 3
   },
   "file_extension": ".py",
   "mimetype": "text/x-python",
   "name": "python",
   "nbconvert_exporter": "python",
   "pygments_lexer": "ipython3",
   "version": "3.12.7"
  }
 },
 "nbformat": 4,
 "nbformat_minor": 5
}
